air_force_blue #5d8aa8 93 138 168 204 30.1 51.2
alice_blue #f0f8ff 240 248 255 208 100 97.1
alizarin_crimson #e32636 227 38 54 354.9 77.1 52
almond #efdecd 239 222 205 30 51.5 87.1
amaranth #e52b50 229 43 80 348.1 78.2 53.3
amber #ffbf00 255 191 0 44.9 100 50
american_rose #ff033e 255 3 62 346 100 50.6
amethyst #9966cc 153 102 204 270 50 60
android_green #a4c639 164 198 57 74.5 55.3 50
anti_flash_white #f2f3f4 242 243 244 210 8.3 95.3
antique_brass #cd9575 205 149 117 21.8 46.8 63.1
antique_fuchsia #915c83 145 92 131 315.8 22.4 46.5
antique_white #faebd7 250 235 215 34.3 77.8 91.2
ao #008000 0 128 0 120 100 25.1
apple_green #8db600 141 182 0 73.5 100 35.7
apricot #fbceb1 251 206 177 23.5 90.2 83.9
aqua #00ffff 0 255 255 180 100 50
aquamarine #7fffd4 127 255 212 159.8 100 74.9
army_green #4b5320 75 83 32 69.4 44.3 22.5
arylide_yellow #e9d66b 233 214 107 51 74.1 66.7
ash_grey #b2beb5 178 190 181 135 8.5 72.2
asparagus #87a96b 135 169 107 92.9 26.5 54.1
atomic_tangerine #ff9966 255 153 102 20 100 70
auburn #a52a2a 165 42 42 0 59.4 40.6
aureolin #fdee00 253 238 0 56.4 100 49.6
aurometalsaurus #6e7f80 110 127 128 183.3 7.6 46.7
awesome #ff2052 255 32 82 346.5 100 56.3
azure #007fff 0 127 255 210.1 100 50
azure_mist/web #f0ffff 240 255 255 180 100 97.1
baby_blue #89cff0 137 207 240 199.2 77.4 73.9
baby_blue_eyes #a1caf1 161 202 241 209.3 74.1 78.8
baby_pink #f4c2c2 244 194 194 0 69.4 85.9
ball_blue #21abcd 33 171 205 191.9 72.3 46.7
banana_mania #fae7b5 250 231 181 43.5 87.3 84.5
banana_yellow #ffe135 255 225 53 51.1 100 60.4
battleship_grey #848482 132 132 130 60 0.8 51.4
bazaar #98777b 152 119 123 352.7 13.8 53.1
beau_blue #bcd4e6 188 212 230 205.7 45.7 82
beaver #9f8170 159 129 112 21.7 19.7 53.1
beige #f5f5dc 245 245 220 60 55.6 91.2
bisque #ffe4c4 255 228 196 32.5 100 88.4
bistre #3d2b1f 61 43 31 24 32.6 18
bittersweet #fe6f5e 254 111 94 6.4 98.8 68.2
black #000000 0 0 0 0 0 0
blanched_almond #ffebcd 255 235 205 36 100 90.2
bleu_de_france #318ce7 49 140 231 210 79.1 54.9
blizzard_blue #ace5ee 172 229 238 188.2 66 80.4
blond #faf0be 250 240 190 50 85.7 86.3
blue #0000ff 0 0 255 240 100 50
blue_bell #a2a2d0 162 162 208 240 32.9 72.5
blue_gray #6699cc 102 153 204 210 50 60
blue_green #0d98ba 13 152 186 191.8 86.9 39
blue_purple #8a2be2 138 43 226 271.1 75.9 52.7
blue_violet #8a2be2 138 43 226 271.1 75.9 52.7
blush #de5d83 222 93 131 342.3 66.2 61.8
bole #79443b 121 68 59 8.7 34.4 35.3
bondi_blue #0095b6 0 149 182 190.9 100 35.7
bone #e3dac9 227 218 201 39.2 31.7 83.9
boston_university_red #cc0000 204 0 0 0 100 40
bottle_green #006a4e 0 106 78 164.2 100 20.8
boysenberry #873260 135 50 96 327.5 45.9 36.3
brandeis_blue #0070ff 0 112 255 213.6 100 50
brass #b5a642 181 166 66 52.2 46.6 48.4
brick_red #cb4154 203 65 84 351.7 57 52.5
bright_cerulean #1dacd6 29 172 214 193.6 76.1 47.6
bright_green #66ff00 102 255 0 96 100 50
bright_lavender #bf94e4 191 148 228 272.3 59.7 73.7
bright_maroon #c32148 195 33 72 345.6 71.1 44.7
bright_pink #ff007f 255 0 127 330.1 100 50
bright_turquoise #08e8de 8 232 222 177.3 93.3 47.1
bright_ube #d19fe8 209 159 232 281.1 61.3 76.7
brilliant_lavender #f4bbff 244 187 255 290.3 100 86.7
brilliant_rose #ff55a3 255 85 163 332.5 100 66.7
brink_pink #fb607f 251 96 127 348 95.1 68
british_racing_green #004225 0 66 37 153.6 100 12.9
bronze #cd7f32 205 127 50 29.8 60.8 50
brown #a52a2a 165 42 42 0 59.4 40.6
bubble_gum #ffc1cc 255 193 204 349.4 100 87.8
bubbles #e7feff 231 254 255 182.5 100 95.3
buff #f0dc82 240 220 130 49.1 78.6 72.5
bulgarian_rose #480607 72 6 7 359.1 84.6 15.3
burgundy #800020 128 0 32 345 100 25.1
burlywood #deb887 222 184 135 33.8 56.9 70
burnt_orange #cc5500 204 85 0 25 100 40
burnt_sienna #e97451 233 116 81 13.8 77.6 61.6
burnt_umber #8a3324 138 51 36 8.8 58.6 34.1
byzantine #bd33a4 189 51 164 310.9 57.5 47.1
byzantium #702963 112 41 99 311 46.4 30
cg_blue #007aa5 0 122 165 195.6 100 32.4
cg_red #e03c31 224 60 49 3.8 73.8 53.5
cadet #536872 83 104 114 199.4 15.7 38.6
cadet_blue #5f9ea0 95 158 160 181.8 25.5 50
cadet_grey #91a3b0 145 163 176 205.2 16.4 62.9
cadmium_green #006b3c 0 107 60 153.6 100 21
cadmium_orange #ed872d 237 135 45 28.1 84.2 55.3
cadmium_red #e30022 227 0 34 351 100 44.5
cadmium_yellow #fff600 255 246 0 57.9 100 50
café au_lait #a67b5b 166 123 91 25.6 29.6 50.4
café noir #4b3621 75 54 33 30 38.9 21.2
cal_poly_pomona_green #1e4d2b 30 77 43 136.6 43.9 21
cambridge_blue #a3c1ad 163 193 173 140 19.5 69.8
camel #c19a6b 193 154 107 32.8 41 58.8
camouflage_green #78866b 120 134 107 91.1 11.2 47.3
canary #ffff99 255 255 153 60 100 80
canary_yellow #ffef00 255 239 0 56.2 100 50
candy_apple_red #ff0800 255 8 0 1.9 100 50
candy_pink #e4717a 228 113 122 355.3 68 66.9
capri #00bfff 0 191 255 195.1 100 50
caput_mortuum #592720 89 39 32 7.4 47.1 23.7
cardinal #c41e3a 196 30 58 349.9 73.5 44.3
caribbean_green #00cc99 0 204 153 165 100 40
carmine #ff0040 255 0 64 344.9 100 50
carmine_pink #eb4c42 235 76 66 3.6 80.9 59
carmine_red #ff0038 255 0 56 346.8 100 50
carnation_pink #ffa6c9 255 166 201 336.4 100 82.5
carnelian #b31b1b 179 27 27 0 73.8 40.4
carolina_blue #99badd 153 186 221 210.9 50 73.3
carrot_orange #ed9121 237 145 33 32.9 85 52.9
celadon #ace1af 172 225 175 123.4 46.9 77.8
celeste #b2ffff 178 255 255 180 100 84.9
celestial_blue #4997d0 73 151 208 205.3 59 55.1
cerise #de3163 222 49 99 342.7 72.4 53.1
cerise_pink #ec3b83 236 59 131 335.6 82.3 57.8
cerulean #007ba7 0 123 167 195.8 100 32.7
cerulean_blue #2a52be 42 82 190 223.8 63.8 45.5
chamoisee #a0785a 160 120 90 25.7 28 49
champagne #fad6a5 250 214 165 34.6 89.5 81.4
charcoal #36454f 54 69 79 204 18.8 26.1
chartreuse #7fff00 127 255 0 90.1 100 50
cherry #de3163 222 49 99 342.7 72.4 53.1
cherry_blossom_pink #ffb7c5 255 183 197 348.3 100 85.9
chestnut #cd5c5c 205 92 92 0 53.1 58.2
chocolate #d2691e 210 105 30 25 75 47.1
chrome_yellow #ffa700 255 167 0 39.3 100 50
cinereous #98817b 152 129 123 12.4 12.3 53.9
cinnabar #e34234 227 66 52 4.8 75.8 54.7
cinnamon #d2691e 210 105 30 25 75 47.1
citrine #e4d00a 228 208 10 54.5 91.6 46.7
classic_rose #fbcce7 251 204 231 325.5 85.5 89.2
cobalt #0047ab 0 71 171 215.1 100 33.5
cocoa_brown #d2691e 210 105 30 25 75 47.1
coffee #6f4e37 111 78 55 24.6 33.7 32.5
columbia_blue #9bddff 155 221 255 200.4 100 80.4
cool_black #002e63 0 46 99 212.1 100 19.4
cool_grey #8c92ac 140 146 172 228.8 16.2 61.2
copper #b87333 184 115 51 28.9 56.6 46.1
copper_rose #996666 153 102 102 0 20 50
coquelicot #ff3800 255 56 0 13.2 100 50
coral #ff7f50 255 127 80 16.1 100 65.7
coral_pink #f88379 248 131 121 4.7 90.1 72.4
coral_red #ff4040 255 64 64 0 100 62.5
cordovan #893f45 137 63 69 355.1 37 39.2
corn #fbec5d 251 236 93 54.3 95.2 67.5
cornell_red #b31b1b 179 27 27 0 73.8 40.4
cornflower #9aceeb 154 206 235 201.5 66.9 76.3
cornflower_blue #6495ed 100 149 237 218.5 79.2 66.1
cornsilk #fff8dc 255 248 220 48 100 93.1
cosmic_latte #fff8e7 255 248 231 42.5 100 95.3
cotton_candy #ffbcd9 255 188 217 334 100 86.9
cream #fffdd0 255 253 208 57.4 100 90.8
crimson #dc143c 220 20 60 348 83.3 47.1
crimson_red #990000 153 0 0 0 100 30
crimson_glory #be0032 190 0 50 344.2 100 37.3
cyan #00ffff 0 255 255 180 100 50
daffodil #ffff31 255 255 49 60 100 59.6
dandelion #f0e130 240 225 48 55.3 86.5 56.5
dark_blue #00008b 0 0 139 240 100 27.3
dark_brown #654321 101 67 33 30 50.7 26.3
dark_byzantium #5d3954 93 57 84 315 24 29.4
dark_candy_apple_red #a40000 164 0 0 0 100 32.2
dark_cerulean #08457e 8 69 126 209 88.1 26.3
dark_chestnut #986960 152 105 96 9.6 22.6 48.6
dark_coral #cd5b45 205 91 69 9.7 57.6 53.7
dark_cyan #008b8b 0 139 139 180 100 27.3
dark_electric_blue #536878 83 104 120 205.9 18.2 39.8
dark_goldenrod #b8860b 184 134 11 42.7 88.7 38.2
dark_gray #a9a9a9 169 169 169 0 0 66.3
dark_green #013220 1 50 32 158 96.1 10
dark_jungle_green #1a2421 26 36 33 162 16.1 12.2
dark_khaki #bdb76b 189 183 107 55.6 38.3 58
dark_lava #483c32 72 60 50 27.3 18 23.9
dark_lavender #734f96 115 79 150 270.4 31 44.9
dark_magenta #8b008b 139 0 139 300 100 27.3
dark_midnight_blue #003366 0 51 102 210 100 20
dark_olive_green #556b2f 85 107 47 82 39 30.2
dark_orange #ff8c00 255 140 0 32.9 100 50
dark_orchid #9932cc 153 50 204 280.1 60.6 49.8
dark_pastel_blue #779ecb 119 158 203 212.1 44.7 63.1
dark_pastel_green #03c03c 3 192 60 138.1 96.9 38.2
dark_pastel_purple #966fd6 150 111 214 262.7 55.7 63.7
dark_pastel_red #c23b22 194 59 34 9.4 70.2 44.7
dark_pink #e75480 231 84 128 342 75.4 61.8
dark_powder_blue #003399 0 51 153 220 100 30
dark_raspberry #872657 135 38 87 329.7 56.1 33.9
dark_red #8b0000 139 0 0 0 100 27.3
dark_salmon #e9967a 233 150 122 15.1 71.6 69.6
dark_scarlet #560319 86 3 25 344.1 93.3 17.5
dark_sea_green #8fbc8f 143 188 143 120 25.1 64.9
dark_sienna #3c1414 60 20 20 0 50 15.7
dark_slate_blue #483d8b 72 61 139 248.5 39 39.2
dark_slate_gray #2f4f4f 47 79 79 180 25.4 24.7
dark_spring_green #177245 23 114 69 150.3 66.4 26.9
dark_tan #918151 145 129 81 45 28.3 44.3
dark_tangerine #ffa812 255 168 18 38 100 53.5
dark_taupe #483c32 72 60 50 27.3 18 23.9
dark_terra_cotta #cc4e5c 204 78 92 353.3 55.3 55.3
dark_turquoise #00ced1 0 206 209 180.9 100 41
dark_violet #9400d3 148 0 211 282.1 100 41.4
dartmouth_green #00693e 0 105 62 155.4 100 20.6
davy_grey #555555 85 85 85 0 0 33.3
debian_red #d70a53 215 10 83 338.6 91.1 44.1
deep_carmine #a9203e 169 32 62 346.9 68.2 39.4
deep_carmine_pink #ef3038 239 48 56 357.5 85.7 56.3
deep_carrot_orange #e9692c 233 105 44 19.4 81.1 54.3
deep_cerise #da3287 218 50 135 329.6 69.4 52.5
deep_champagne #fad6a5 250 214 165 34.6 89.5 81.4
deep_chestnut #b94e48 185 78 72 3.2 44.7 50.4
deep_coffee #704241 112 66 65 1.3 26.6 34.7
deep_fuchsia #c154c1 193 84 193 300 46.8 54.3
deep_jungle_green #004b49 0 75 73 178.4 100 14.7
deep_lilac #9955bb 153 85 187 280 42.9 53.3
deep_magenta #cc00cc 204 0 204 300 100 40
deep_peach #ffcba4 255 203 164 25.7 100 82.2
deep_pink #ff1493 255 20 147 327.6 100 53.9
deep_saffron #ff9933 255 153 51 30 100 60
deep_sky_blue #00bfff 0 191 255 195.1 100 50
denim #1560bd 21 96 189 213.2 80 41.2
desert #c19a6b 193 154 107 32.8 41 58.8
desert_sand #edc9af 237 201 175 25.2 63.3 80.8
dim_gray #696969 105 105 105 0 0 41.2
dodger_blue #1e90ff 30 144 255 209.6 100 55.9
dogwood_rose #d71868 215 24 104 334.9 79.9 46.9
dollar_bill #85bb65 133 187 101 97.7 38.7 56.5
drab #967117 150 113 23 42.5 73.4 33.9
duke_blue #00009c 0 0 156 240 100 30.6
earth_yellow #e1a95f 225 169 95 34.2 68.4 62.7
ecru #c2b280 194 178 128 45.5 35.1 63.1
eggplant #614051 97 64 81 329.1 20.5 31.6
eggshell #f0ead6 240 234 214 46.2 46.4 89
egyptian_blue #1034a6 16 52 166 225.6 82.4 35.7
electric_blue #7df9ff 125 249 255 182.8 100 74.5
electric_crimson #ff003f 255 0 63 345.2 100 50
electric_cyan #00ffff 0 255 255 180 100 50
electric_green #00ff00 0 255 0 120 100 50
electric_indigo #6f00ff 111 0 255 266.1 100 50
electric_lavender #f4bbff 244 187 255 290.3 100 86.7
electric_lime #ccff00 204 255 0 72 100 50
electric_purple #bf00ff 191 0 255 284.9 100 50
electric_ultramarine #3f00ff 63 0 255 254.8 100 50
electric_violet #8f00ff 143 0 255 273.6 100 50
electric_yellow #ffff00 255 255 0 60 100 50
emerald #50c878 80 200 120 140 52.2 54.9
eton_blue #96c8a2 150 200 162 134.4 31.3 68.6
fallow #c19a6b 193 154 107 32.8 41 58.8
falu_red #801818 128 24 24 0 68.4 29.8
famous #ff00ff 255 0 255 300 100 50
fandango #b53389 181 51 137 320.3 56 45.5
fashion_fuchsia #f400a1 244 0 161 320.4 100 47.8
fawn #e5aa70 229 170 112 29.7 69.2 66.9
feldgrau #4d5d53 77 93 83 142.5 9.4 33.3
fern #71bc78 113 188 120 125.6 35.9 59
fern_green #4f7942 79 121 66 105.8 29.4 36.7
ferrari_red #ff2800 255 40 0 9.4 100 50
field_drab #6c541e 108 84 30 41.5 56.5 27.1
fire_engine_red #ce2029 206 32 41 356.9 73.1 46.7
firebrick #b22222 178 34 34 0 67.9 41.6
flame #e25822 226 88 34 16.9 76.8 51
flamingo_pink #fc8eac 252 142 172 343.6 94.8 77.3
flavescent #f7e98e 247 233 142 52 86.8 76.3
flax #eedc82 238 220 130 50 76.1 72.2
floral_white #fffaf0 255 250 240 40 100 97.1
fluorescent_orange #ffbf00 255 191 0 44.9 100 50
fluorescent_pink #ff1493 255 20 147 327.6 100 53.9
fluorescent_yellow #ccff00 204 255 0 72 100 50
folly #ff004f 255 0 79 341.4 100 50
forest_green #228b22 34 139 34 120 60.7 33.9
french_beige #a67b5b 166 123 91 25.6 29.6 50.4
french_blue #0072bb 0 114 187 203.4 100 36.7
french_lilac #86608e 134 96 142 289.6 19.3 46.7
french_rose #f64a8a 246 74 138 337.7 90.5 62.7
fuchsia #ff00ff 255 0 255 300 100 50
fuchsia_pink #ff77ff 255 119 255 300 100 73.3
fulvous #e48400 228 132 0 34.7 100 44.7
fuzzy_wuzzy #cc6666 204 102 102 0 50 60
gainsboro #dcdcdc 220 220 220 0 0 86.3
gamboge #e49b0f 228 155 15 39.4 87.7 47.6
ghost_white #f8f8ff 248 248 255 240 100 98.6
ginger #b06500 176 101 0 34.4 100 34.5
glaucous #6082b6 96 130 182 216.3 37.1 54.5
glitter #e6e8fa 230 232 250 234 66.7 94.1
gold #ffd700 255 215 0 50.6 100 50
golden_brown #996515 153 101 21 36.4 75.9 34.1
golden_poppy #fcc200 252 194 0 46.2 100 49.4
golden_yellow #ffdf00 255 223 0 52.5 100 50
goldenrod #daa520 218 165 32 42.9 74.4 49
granny_smith_apple #a8e4a0 168 228 160 112.9 55.7 76.1
gray #808080 128 128 128 0 0 50.2
gray_asparagus #465945 70 89 69 117 12.7 31
green #00ff00 0 255 0 120 100 50
green_blue #1164b4 17 100 180 209.4 82.7 38.6
green_yellow #adff2f 173 255 47 83.7 100 59.2
grullo #a99a86 169 154 134 34.3 16.9 59.4
guppie_green #00ff7f 0 255 127 149.9 100 50
halayà úbe #663854 102 56 84 323.5 29.1 31
han_blue #446ccf 68 108 207 222.7 59.1 53.9
han_purple #5218fa 82 24 250 255.4 95.8 53.7
hansa_yellow #e9d66b 233 214 107 51 74.1 66.7
harlequin #3fff00 63 255 0 105.2 100 50
harvard_crimson #c90016 201 0 22 353.4 100 39.4
harvest_gold #da9100 218 145 0 39.9 100 42.7
heart_gold #808000 128 128 0 60 100 25.1
heliotrope #df73ff 223 115 255 286.3 100 72.5
hollywood_cerise #f400a1 244 0 161 320.4 100 47.8
honeydew #f0fff0 240 255 240 120 100 97.1
hooker_green #49796b 73 121 107 162.5 24.7 38
hot_magenta #ff1dce 255 29 206 313 100 55.7
hot_pink #ff69b4 255 105 180 330 100 70.6
hunter_green #355e3b 53 94 59 128.8 27.9 28.8
icterine #fcf75e 252 247 94 58.1 96.3 67.8
inchworm #b2ec5d 178 236 93 84.3 79 64.5
india_green #138808 19 136 8 114.8 88.9 28.2
indian_red #cd5c5c 205 92 92 0 53.1 58.2
indian_yellow #e3a857 227 168 87 34.7 71.4 61.6
indigo #4b0082 75 0 130 274.6 100 25.5
international_klein_blue #002fa7 0 47 167 223.1 100 32.7
international_orange #ff4f00 255 79 0 18.6 100 50
iris #5a4fcf 90 79 207 245.2 57.1 56.1
isabelline #f4f0ec 244 240 236 30 26.7 94.1
islamic_green #009000 0 144 0 120 100 28.2
ivory #fffff0 255 255 240 60 100 97.1
jade #00a86b 0 168 107 158.2 100 32.9
jasmine #f8de7e 248 222 126 47.2 89.7 73.3
jasper #d73b3e 215 59 62 358.8 66.1 53.7
jazzberry_jam #a50b5e 165 11 94 327.7 87.5 34.5
jonquil #fada5e 250 218 94 47.7 94 67.5
june_bud #bdda57 189 218 87 73.3 63.9 59.8
jungle_green #29ab87 41 171 135 163.4 61.3 41.6
ku_crimson #e8000d 232 0 13 356.6 100 45.5
kelly_green #4cbb17 76 187 23 100.6 78.1 41.2
khaki #c3b091 195 176 145 37.2 29.4 66.7
la_salle_green #087830 8 120 48 141.4 87.5 25.1
languid_lavender #d6cadd 214 202 221 277.9 21.8 82.9
lapis_lazuli #26619c 38 97 156 210 60.8 38
laser_lemon #fefe22 254 254 34 60 99.1 56.5
laurel_green #a9ba9d 169 186 157 95.2 17.4 67.3
lava #cf1020 207 16 32 355 85.7 43.7
lavender #e6e6fa 230 230 250 240 66.7 94.1
lavender_blue #ccccff 204 204 255 240 100 90
lavender_blush #fff0f5 255 240 245 340 100 97.1
lavender_gray #c4c3d0 196 195 208 244.6 12.1 79
lavender_indigo #9457eb 148 87 235 264.7 78.7 63.1
lavender_magenta #ee82ee 238 130 238 300 76.1 72.2
lavender_mist #e6e6fa 230 230 250 240 66.7 94.1
lavender_pink #fbaed2 251 174 210 331.9 90.6 83.3
lavender_purple #967bb6 150 123 182 267.5 28.8 59.8
lavender_rose #fba0e3 251 160 227 315.8 91.9 80.6
lawn_green #7cfc00 124 252 0 90.5 100 49.4
lemon #fff700 255 247 0 58.1 100 50
lemon_yellow #fff44f 255 244 79 56.3 100 65.5
lemon_chiffon #fffacd 255 250 205 54 100 90.2
lemon_lime #bfff00 191 255 0 75.1 100 50
light_crimson #f56991 245 105 145 342.9 87.5 68.6
light_thulian_pink #e68fac 230 143 172 340 63.5 73.1
light_apricot #fdd5b1 253 213 177 28.4 95 84.3
light_blue #add8e6 173 216 230 194.7 53.3 79
light_brown #b5651d 181 101 29 28.4 72.4 41.2
light_carmine_pink #e66771 230 103 113 355.3 71.8 65.3
light_coral #f08080 240 128 128 0 78.9 72.2
light_cornflower_blue #93ccea 147 204 234 200.7 67.4 74.7
light_cyan #e0ffff 224 255 255 180 100 93.9
light_fuchsia_pink #f984ef 249 132 239 305.1 90.7 74.7
light_goldenrod_yellow #fafad2 250 250 210 60 80 90.2
light_gray #d3d3d3 211 211 211 0 0 82.7
light_green #90ee90 144 238 144 120 73.4 74.9
light_khaki #f0e68c 240 230 140 54 76.9 74.5
light_pastel_purple #b19cd9 177 156 217 260.7 44.5 73.1
light_pink #ffb6c1 255 182 193 351 100 85.7
light_salmon #ffa07a 255 160 122 17.1 100 73.9
light_salmon_pink #ff9999 255 153 153 0 100 80
light_sea_green #20b2aa 32 178 170 176.7 69.5 41.2
light_sky_blue #87cefa 135 206 250 203 92 75.5
light_slate_gray #778899 119 136 153 210 14.3 53.3
light_taupe #b38b6d 179 139 109 25.7 31.5 56.5
light_yellow #ffffed 255 255 237 60 100 96.5
lilac #c8a2c8 200 162 200 300 25.7 71
lime #bfff00 191 255 0 75.1 100 50
lime_green #32cd32 50 205 50 120 60.8 50
lincoln_green #195905 25 89 5 105.7 89.4 18.4
linen #faf0e6 250 240 230 30 66.7 94.1
lion #c19a6b 193 154 107 32.8 41 58.8
liver #534b4f 83 75 79 330 5.1 31
lust #e62020 230 32 32 0 79.8 51.4
msu_green #18453b 24 69 59 166.7 48.4 18.2
macaroni_and_cheese #ffbd88 255 189 136 26.7 100 76.7
magenta #ff00ff 255 0 255 300 100 50
magic_mint #aaf0d1 170 240 209 153.4 70 80.4
magnolia #f8f4ff 248 244 255 261.8 100 97.8
mahogany #c04000 192 64 0 20 100 37.6
maize #fbec5d 251 236 93 54.3 95.2 67.5
majorelle_blue #6050dc 96 80 220 246.9 66.7 58.8
malachite #0bda51 11 218 81 140.3 90.4 44.9
manatee #979aaa 151 154 170 230.5 10.1 62.9
mango_tango #ff8243 255 130 67 20.1 100 63.1
mantis #74c365 116 195 101 110.4 43.9 58
maroon #800000 128 0 0 0 100 25.1
mauve #e0b0ff 224 176 255 276.5 100 84.5
mauve_taupe #915f6d 145 95 109 343.2 20.8 47.1
mauvelous #ef98aa 239 152 170 347.6 73.1 76.7
maya_blue #73c2fb 115 194 251 205.1 94.4 71.8
meat_brown #e5b73b 229 183 59 43.8 76.6 56.5
medium_persian_blue #0067a5 0 103 165 202.5 100 32.4
medium_aquamarine #66ddaa 102 221 170 154.3 63.6 63.3
medium_blue #0000cd 0 0 205 240 100 40.2
medium_candy_apple_red #e2062c 226 6 44 349.6 94.8 45.5
medium_carmine #af4035 175 64 53 5.4 53.5 44.7
medium_champagne #f3e5ab 243 229 171 48.3 75 81.2
medium_electric_blue #035096 3 80 150 208.6 96.1 30
medium_jungle_green #1c352d 28 53 45 160.8 30.9 15.9
medium_lavender_magenta #dda0dd 221 160 221 300 47.3 74.7
medium_orchid #ba55d3 186 85 211 288.1 58.9 58
medium_purple #9370db 147 112 219 259.6 59.8 64.9
medium_red_violet #bb3385 187 51 133 323.8 57.1 46.7
medium_sea_green #3cb371 60 179 113 146.7 49.8 46.9
medium_slate_blue #7b68ee 123 104 238 248.5 79.8 67.1
medium_spring_bud #c9dc87 201 220 135 73.4 54.8 69.6
medium_spring_green #00fa9a 0 250 154 157 100 49
medium_taupe #674c47 103 76 71 9.4 18.4 34.1
medium_teal_blue #0054b4 0 84 180 212 100 35.3
medium_turquoise #48d1cc 72 209 204 177.8 59.8 55.1
medium_violet_red #c71585 199 21 133 322.2 80.9 43.1
melon #fdbcb4 253 188 180 6.6 94.8 84.9
midnight_blue #191970 25 25 112 240 63.5 26.9
midnight_green #004953 0 73 83 187.2 100 16.3
mikado_yellow #ffc40c 255 196 12 45.4 100 52.4
mint #3eb489 62 180 137 158.1 48.8 47.5
mint_cream #f5fffa 245 255 250 150 100 98
mint_green #98ff98 152 255 152 120 100 79.8
misty_rose #ffe4e1 255 228 225 6 100 94.1
moccasin #faebd7 250 235 215 34.3 77.8 91.2
mode_beige #967117 150 113 23 42.5 73.4 33.9
moonstone_blue #73a9c2 115 169 194 199 39.3 60.6
mordant_red 19 #ae0c00 174 12 0 4.1 100 34.1
moss_green #addfad 173 223 173 120 43.9 77.6
mountain_meadow #30ba8f 48 186 143 161.3 59 45.9
mountbatten_pink #997a8d 153 122 141 323.2 13.2 53.9
mulberry #c54b8c 197 75 140 328 51.3 53.3
munsell #f2f3f4 242 243 244 210 8.3 95.3
mustard #ffdb58 255 219 88 47.1 100 67.3
myrtle #21421e 33 66 30 115 37.5 18.8
nadeshiko_pink #f6adc6 246 173 198 339.5 80.2 82.2
napier_green #2a8000 42 128 0 100.3 100 25.1
naples_yellow #fada5e 250 218 94 47.7 94 67.5
navajo_white #ffdead 255 222 173 35.9 100 83.9
navy_blue #000080 0 0 128 240 100 25.1
neon_carrot #ffa343 255 163 67 30.6 100 63.1
neon_fuchsia #fe59c2 254 89 194 321.8 98.8 67.3
neon_green #39ff14 57 255 20 110.6 100 53.9
non_photo_blue #a4dded 164 221 237 193.2 67 78.6
north_texas_green #059033 5 144 51 139.9 93.3 29.2
ocean_boat_blue #0077be 0 119 190 202.4 100 37.3
ochre #cc7722 204 119 34 30 71.4 46.7
office_green #008000 0 128 0 120 100 25.1
old_gold #cfb53b 207 181 59 49.5 60.7 52.2
old_lace #fdf5e6 253 245 230 39.1 85.2 94.7
old_lavender #796878 121 104 120 303.5 7.6 44.1
old_mauve #673147 103 49 71 335.6 35.5 29.8
old_rose #c08081 192 128 129 359.1 33.7 62.7
olive #808000 128 128 0 60 100 25.1
olive_drab #6b8e23 107 142 35 79.6 60.5 34.7
olive_green #bab86c 186 184 108 58.5 36.1 57.6
olivine #9ab973 154 185 115 86.6 33.3 58.8
onyx #0f0f0f 15 15 15 0 0 5.9
opera_mauve #b784a7 183 132 167 318.8 26.2 61.8
orange #ffa500 255 165 0 38.8 100 50
orange_yellow #f8d568 248 213 104 45.4 91.1 69
orange_peel #ff9f00 255 159 0 37.4 100 50
orange_red #ff4500 255 69 0 16.2 100 50
orchid #da70d6 218 112 214 302.3 58.9 64.7
otter_brown #654321 101 67 33 30 50.7 26.3
outer_space #414a4c 65 74 76 190.9 7.8 27.6
outrageous_orange #ff6e4a 255 110 74 11.9 100 64.5
oxford_blue #002147 0 33 71 212.1 100 13.9
pacific_blue #1ca9c9 28 169 201 191.1 75.5 44.9
pakistan_green #006600 0 102 0 120 100 20
palatinate_blue #273be2 39 59 226 233.6 76.3 52
palatinate_purple #682860 104 40 96 307.5 44.4 28.2
pale_aqua #bcd4e6 188 212 230 205.7 45.7 82
pale_blue #afeeee 175 238 238 180 64.9 81
pale_brown #987654 152 118 84 30 28.8 46.3
pale_carmine #af4035 175 64 53 5.4 53.5 44.7
pale_cerulean #9bc4e2 155 196 226 205.4 55 74.7
pale_chestnut #ddadaf 221 173 175 357.5 41.4 77.3
pale_copper #da8a67 218 138 103 18.3 60.8 62.9
pale_cornflower_blue #abcdef 171 205 239 210 68 80.4
pale_gold #e6be8a 230 190 138 33.9 64.8 72.2
pale_goldenrod #eee8aa 238 232 170 54.7 66.7 80
pale_green #98fb98 152 251 152 120 92.5 79
pale_lavender #dcd0ff 220 208 255 255.3 100 90.8
pale_magenta #f984e5 249 132 229 310.3 90.7 74.7
pale_pink #fadadd 250 218 221 354.4 76.2 91.8
pale_plum #dda0dd 221 160 221 300 47.3 74.7
pale_red_violet #db7093 219 112 147 340.4 59.8 64.9
pale_robin_egg_blue #96ded1 150 222 209 169.2 52.2 72.9
pale_silver #c9c0bb 201 192 187 21.4 11.5 76.1
pale_spring_bud #ecebbd 236 235 189 58.7 55.3 83.3
pale_taupe #bc987e 188 152 126 25.2 31.6 61.6
pale_violet_red #db7093 219 112 147 340.4 59.8 64.9
pansy_purple #78184a 120 24 74 328.8 66.7 28.2
papaya_whip #ffefd5 255 239 213 37.1 100 91.8
paris_green #50c878 80 200 120 140 52.2 54.9
pastel_blue #aec6cf 174 198 207 196.4 25.6 74.7
pastel_brown #836953 131 105 83 27.5 22.4 42
pastel_gray #cfcfc4 207 207 196 60 10.3 79
pastel_green #77dd77 119 221 119 120 60 66.7
pastel_magenta #f49ac2 244 154 194 333.3 80.4 78
pastel_orange #ffb347 255 179 71 35.2 100 63.9
pastel_pink #ffd1dc 255 209 220 345.7 100 91
pastel_purple #b39eb5 179 158 181 294.8 13.5 66.5
pastel_red #ff6961 255 105 97 3 100 69
pastel_violet #cb99c9 203 153 201 302.4 32.5 69.8
pastel_yellow #fdfd96 253 253 150 60 96.3 79
patriarch #800080 128 0 128 300 100 25.1
payne_grey #536878 83 104 120 205.9 18.2 39.8
peach #ffe5b4 255 229 180 39.2 100 85.3
peach_puff #ffdab9 255 218 185 28.3 100 86.3
peach_yellow #fadfad 250 223 173 39 88.5 82.9
pear #d1e231 209 226 49 65.8 75.3 53.9
pearl #eae0c8 234 224 200 42.4 44.7 85.1
pearl_aqua #88d8c0 136 216 192 162 50.6 69
peridot #e6e200 230 226 0 59 100 45.1
periwinkle #ccccff 204 204 255 240 100 90
persian_blue #1c39bb 28 57 187 229.1 74 42.2
persian_indigo #32127a 50 18 122 258.5 74.3 27.5
persian_orange #d99058 217 144 88 26 62.9 59.8
persian_pink #f77fbe 247 127 190 328.5 88.2 73.3
persian_plum #701c1c 112 28 28 0 60 27.5
persian_red #cc3333 204 51 51 0 60 50
persian_rose #fe28a2 254 40 162 325.8 99.1 57.6
phlox #df00ff 223 0 255 292.5 100 50
phthalo_blue #000f89 0 15 137 233.4 100 26.9
phthalo_green #123524 18 53 36 150.9 49.3 13.9
piggy_pink #fddde6 253 221 230 343.1 88.9 92.9
pine_green #01796f 1 121 111 175 98.4 23.9
pink #ffc0cb 255 192 203 349.5 100 87.6
pink_flamingo #fc74fd 252 116 253 299.6 97.2 72.4
pink_sherbet #f78fa7 247 143 167 346.2 86.7 76.5
pink_pearl #e7accf 231 172 207 324.4 55.1 79
pistachio #93c572 147 197 114 96.1 41.7 61
platinum #e5e4e2 229 228 226 40 5.5 89.2
plum #dda0dd 221 160 221 300 47.3 74.7
portland_orange #ff5a36 255 90 54 10.7 100 60.6
powder_blue #b0e0e6 176 224 230 186.7 51.9 79.6
princeton_orange #ff8f00 255 143 0 33.6 100 50
prussian_blue #003153 0 49 83 204.6 100 16.3
psychedelic_purple #df00ff 223 0 255 292.5 100 50
puce #cc8899 204 136 153 345 40 66.7
pumpkin #ff7518 255 117 24 24.2 100 54.7
purple #800080 128 0 128 300 100 25.1
purple_heart #69359c 105 53 156 270.3 49.3 41
purple_mountain&#039;s_majesty #9d81ba 157 129 186 269.5 29.2 61.8
purple_mountain_majesty #9678b6 150 120 182 269 29.8 59.2
purple_pizzazz #fe4eda 254 78 218 312.3 98.9 65.1
purple_taupe #50404d 80 64 77 311.3 11.1 28.2
rackley #5d8aa8 93 138 168 204 30.1 51.2
radical_red #ff355e 255 53 94 347.8 100 60.4
raspberry #e30b5d 227 11 93 337.2 90.8 46.7
raspberry_glace #915f6d 145 95 109 343.2 20.8 47.1
raspberry_pink #e25098 226 80 152 330.4 71.6 60
raspberry_rose #b3446c 179 68 108 338.4 44.9 48.4
raw_sienna #d68a59 214 138 89 23.5 60.4 59.4
razzle_dazzle_rose #ff33cc 255 51 204 315 100 60
razzmatazz #e3256b 227 37 107 337.9 77.2 51.8
red #ff0000 255 0 0 0 100 50
red_orange #ff5349 255 83 73 3.3 100 64.3
red_brown #a52a2a 165 42 42 0 59.4 40.6
red_violet #c71585 199 21 133 322.2 80.9 43.1
rich_black #004040 0 64 64 180 100 12.5
rich_carmine #d70040 215 0 64 342.1 100 42.2
rich_electric_blue #0892d0 8 146 208 198.6 92.6 42.4
rich_lilac #b666d2 182 102 210 284.4 54.5 61.2
rich_maroon #b03060 176 48 96 337.5 57.1 43.9
rifle_green #414833 65 72 51 80 17.1 24.1
robin&#039;s_egg_blue #1fcecb 31 206 203 179 73.8 46.5
rose #ff007f 255 0 127 330.1 100 50
rose_bonbon #f9429e 249 66 158 329.8 93.8 61.8
rose_ebony #674846 103 72 70 3.6 19.1 33.9
rose_gold #b76e79 183 110 121 351 33.6 57.5
rose_madder #e32636 227 38 54 354.9 77.1 52
rose_pink #ff66cc 255 102 204 320 100 70
rose_quartz #aa98a9 170 152 169 303.3 9.6 63.1
rose_taupe #905d5d 144 93 93 0 21.5 46.5
rose_vale #ab4e52 171 78 82 357.4 37.3 48.8
rosewood #65000b 101 0 11 353.5 100 19.8
rosso_corsa #d40000 212 0 0 0 100 41.6
rosy_brown #bc8f8f 188 143 143 0 25.1 64.9
royal_azure #0038a8 0 56 168 220 100 32.9
royal_blue #4169e1 65 105 225 225 72.7 56.9
royal_fuchsia #ca2c92 202 44 146 321.3 64.2 48.2
royal_purple #7851a9 120 81 169 266.6 35.2 49
ruby #e0115f 224 17 95 337.4 85.9 47.3
ruddy #ff0028 255 0 40 350.6 100 50
ruddy_brown #bb6528 187 101 40 24.9 64.8 44.5
ruddy_pink #e18e96 225 142 150 354.2 58 72
rufous #a81c07 168 28 7 7.8 92 34.3
russet #80461b 128 70 27 25.5 65.2 30.4
rust #b7410e 183 65 14 18.1 85.8 38.6
sacramento_state_green #00563f 0 86 63 164 100 16.9
saddle_brown #8b4513 139 69 19 25 75.9 31
safety_orange #ff6700 255 103 0 24.2 100 50
saffron #f4c430 244 196 48 45.3 89.9 57.3
saint_patrick_blue #23297a 35 41 122 235.9 55.4 30.8
salmon #ff8c69 255 140 105 14 100 70.6
salmon_pink #ff91a4 255 145 164 349.6 100 78.4
sand #c2b280 194 178 128 45.5 35.1 63.1
sand_dune #967117 150 113 23 42.5 73.4 33.9
sandstorm #ecd540 236 213 64 52 81.9 58.8
sandy_brown #f4a460 244 164 96 27.6 87.1 66.7
sandy_taupe #967117 150 113 23 42.5 73.4 33.9
sap_green #507d2a 80 125 42 92.5 49.7 32.7
sapphire #0f52ba 15 82 186 216.5 85.1 39.4
satin_sheen_gold #cba135 203 161 53 43.2 59.1 50.2
scarlet #ff2400 255 36 0 8.5 100 50
school_bus_yellow #ffd800 255 216 0 50.8 100 50
screamin_green #76ff7a 118 255 122 121.8 100 73.1
sea_blue #006994 0 105 148 197.4 100 29
sea_green #2e8b57 46 139 87 146.5 50.3 36.3
seal_brown #321414 50 20 20 0 42.9 13.7
seashell #fff5ee 255 245 238 24.7 100 96.7
selective_yellow #ffba00 255 186 0 43.8 100 50
sepia #704214 112 66 20 30 69.7 25.9
shadow #8a795d 138 121 93 37.3 19.5 45.3
shamrock #45cea2 69 206 162 160.7 58.3 53.9
shamrock_green #009e60 0 158 96 156.5 100 31
shocking_pink #fc0fc0 252 15 192 315.2 97.5 52.4
sienna #882d17 136 45 23 11.7 71.1 31.2
silver #c0c0c0 192 192 192 0 0 75.3
sinopia #cb410b 203 65 11 16.9 89.7 42
skobeloff #007474 0 116 116 180 100 22.7
sky_blue #87ceeb 135 206 235 197.4 71.4 72.5
sky_magenta #cf71af 207 113 175 320.4 49.5 62.7
slate_blue #6a5acd 106 90 205 248.3 53.5 57.8
slate_gray #708090 112 128 144 210 12.6 50.2
smalt #003399 0 51 153 220 100 30
smokey_topaz #933d41 147 61 65 357.2 41.3 40.8
smoky_black #100c08 16 12 8 30 33.3 4.7
snow #fffafa 255 250 250 0 100 99
spiro_disco_ball #0fc0fc 15 192 252 195.2 97.5 52.4
spring_bud #a7fc00 167 252 0 80.2 100 49.4
spring_green #00ff7f 0 255 127 149.9 100 50
steel_blue #4682b4 70 130 180 207.3 44 49
stil_de_grain_yellow #fada5e 250 218 94 47.7 94 67.5
stizza #990000 153 0 0 0 100 30
stormcloud #008080 0 128 128 180 100 25.1
straw #e4d96f 228 217 111 54.4 68.4 66.5
sunglow #ffcc33 255 204 51 45 100 60
sunset #fad6a5 250 214 165 34.6 89.5 81.4
sunset_orange #fd5e53 253 94 83 3.9 97.7 65.9
tan #d2b48c 210 180 140 34.3 43.8 68.6
tangelo #f94d00 249 77 0 18.6 100 48.8
tangerine #f28500 242 133 0 33 100 47.5
tangerine_yellow #ffcc00 255 204 0 48 100 50
taupe #483c32 72 60 50 27.3 18 23.9
taupe_gray #8b8589 139 133 137 320 2.5 53.3
tawny #cd5700 205 87 0 25.5 100 40.2
tea_green #d0f0c0 208 240 192 100 61.5 84.7
tea_rose #f4c2c2 244 194 194 0 69.4 85.9
teal #008080 0 128 128 180 100 25.1
teal_blue #367588 54 117 136 193.9 43.2 37.3
teal_green #006d5b 0 109 91 170.1 100 21.4
terra_cotta #e2725b 226 114 91 10.2 69.9 62.2
thistle #d8bfd8 216 191 216 300 24.3 79.8
thulian_pink #de6fa1 222 111 161 333 62.7 65.3
tickle_me_pink #fc89ac 252 137 172 341.7 95 76.3
tiffany_blue #0abab5 10 186 181 178.3 89.8 38.4
tiger_eye #e08d3c 224 141 60 29.6 72.6 55.7
timberwolf #dbd7d2 219 215 210 33.3 11.1 84.1
titanium_yellow #eee600 238 230 0 58 100 46.7
tomato #ff6347 255 99 71 9.1 100 63.9
toolbox #746cc0 116 108 192 245.7 40 58.8
topaz #ffc87c 255 200 124 34.8 100 74.3
tractor_red #fd0e35 253 14 53 350.2 98.4 52.4
trolley_grey #808080 128 128 128 0 0 50.2
tropical_rain_forest #00755e 0 117 94 168.2 100 22.9
true_blue #0073cf 0 115 207 206.7 100 40.6
tufts_blue #417dc1 65 125 193 211.9 50.8 50.6
tumbleweed #deaa88 222 170 136 23.7 56.6 70.2
turkish_rose #b57281 181 114 129 346.6 31.2 57.8
turquoise #30d5c8 48 213 200 175.3 66.3 51.2
turquoise_blue #00ffef 0 255 239 176.2 100 50
turquoise_green #a0d6b4 160 214 180 142.2 39.7 73.3
tuscan_red #66424d 102 66 77 341.7 21.4 32.9
twilight_lavender #8a496b 138 73 107 328.6 30.8 41.4
tyrian_purple #66023c 102 2 60 325.2 96.2 20.4
ua_blue #0033aa 0 51 170 222 100 33.3
ua_red #d9004c 217 0 76 339 100 42.5
ucla_blue #536895 83 104 149 220.9 28.4 45.5
ucla_gold #ffb300 255 179 0 42.1 100 50
ufo_green #3cd070 60 208 112 141.1 61.2 52.5
up_forest_green #014421 1 68 33 148.7 97.1 13.5
up_maroon #7b1113 123 17 19 358.9 75.7 27.5
usc_cardinal #990000 153 0 0 0 100 30
usc_gold #ffcc00 255 204 0 48 100 50
ube #8878c3 136 120 195 252.8 38.5 61.8
ultra_pink #ff6fff 255 111 255 300 100 71.8
ultramarine #120a8f 18 10 143 243.6 86.9 30
ultramarine_blue #4166f5 65 102 245 227.7 90 60.8
umber #635147 99 81 71 21.4 16.5 33.3
united_nations_blue #5b92e5 91 146 229 216.1 72.6 62.7
university_of_california_gold #b78727 183 135 39 40 64.9 43.5
unmellow_yellow #ffff66 255 255 102 60 100 70
upsdell_red #ae2029 174 32 41 356.2 68.9 40.4
urobilin #e1ad21 225 173 33 43.8 76.2 50.6
utah_crimson #d3003f 211 0 63 342.1 100 41.4
vanilla #f3e5ab 243 229 171 48.3 75 81.2
vegas_gold #c5b358 197 179 88 50.1 48.4 55.9
venetian_red #c80815 200 8 21 355.9 92.3 40.8
verdigris #43b3ae 67 179 174 177.3 45.5 48.2
vermilion #e34234 227 66 52 4.8 75.8 54.7
veronica #a020f0 160 32 240 276.9 87.4 53.3
violet #ee82ee 238 130 238 300 76.1 72.2
violet_blue #324ab2 50 74 178 228.8 56.1 44.7
violet_red #f75394 247 83 148 336.2 91.1 64.7
viridian #40826d 64 130 109 160.9 34 38
vivid_auburn #922724 146 39 36 1.6 60.4 35.7
vivid_burgundy #9f1d35 159 29 53 348.9 69.1 36.9
vivid_cerise #da1d81 218 29 129 328.3 76.5 48.4
vivid_tangerine #ffa089 255 160 137 11.7 100 76.9
vivid_violet #9f00ff 159 0 255 277.4 100 50
warm_black #004242 0 66 66 180 100 12.9
waterspout #00ffff 0 255 255 180 100 50
wenge #645452 100 84 82 6.7 9.9 35.7
wheat #f5deb3 245 222 179 39.1 76.7 83.1
white #ffffff 255 255 255 0 0 100
white_smoke #f5f5f5 245 245 245 0 0 96.1
wild_strawberry #ff43a4 255 67 164 329 100 63.1
wild_watermelon #fc6c85 252 108 133 349.6 96 70.6
wild_blue_yonder #a2add0 162 173 208 225.7 32.9 72.5
wine #722f37 114 47 55 352.8 41.6 31.6
wisteria #c9a0dc 201 160 220 281 46.2 74.5
xanadu #738678 115 134 120 135.8 7.6 48.8
yale_blue #0f4d92 15 77 146 211.6 81.4 31.6
yellow #ffff00 255 255 0 60 100 50
yellow_orange #ffae42 255 174 66 34.3 100 62.9
yellow_green #9acd32 154 205 50 79.7 60.8 50
zaffre #0014a8 0 20 168 232.9 100 32.9
zinnwaldite_brown #2c1608 44 22 8 23.3 69.2 10.2
